1 -54.87893997441752 1.0 -56.80683255830941 1.0 -52.67820576602794 -43.93457253334544 -46.03732295047303 -36.86715017054553 -43.983007938263654
2 -61.51879575597503 -53.35741936858271 -61.66580130429817 1.0 -61.39197192311734 -54.94713600117427 -36.30752822817172 -36.317466650490815 1.0
3 -52.97904944044971 -44.02738969015317 -63.864190173547726 1.0 -39.333086052296295 1.0 -56.8629017010083 -59.445670236486265 -57.53467799519615
4 -46.5 -2.296875 -38.953125 -65.25 -2.484375 -46.5 -3.46875 1.0 1.0
5 -32.25457296320303 -38.20355891171505 -28.786228992740917 1.0 -42.579473726205265 -49.48095168061133 -55.305908023378265 -59.131408455809435 1.0
6 -37.99482716410082 -30.56603673025099 -40.69062743778365 1.0 -47.03784487448326 -48.8447251082016 1.0 -50.727741829858076 -52.23828124907982
7 1.0 -55.38029479980469 -56.330841064453125 1.0 -44.23860168457031 -38.02748107910156 -42.804840087890625 -30.174728393554688 -34.292449951171875
8 1.0 -50.74999995524903 -55.690308294843135 1.0 -40.74707553284068 -58.606323660546344 -43.69135764247615 -49.81678461773517 -43.21911914717944
9 -46.10211489371253 -51.14792239077107 1.0 1.0 -51.59774964926413 -49.11450624668724 -37.13374567137252 -46.581575819836814 -51.40684449071064
10 -49.07787682277796 -38.202881575501124 -38.77345252107172 1.0 -46.01483176670807 -49.999991381450656 1.0 -52.83130024740666 -50.999236109666526
11 -37.99951081048948 -36.8428228021603 -43.428022898447125 1.0 -38.28039983779672 -49.926400397186626 -47.59173809266758 -53.06763536061044 1.0
12 -2.675121388779644 -0.1634778484055186 -0.17236289617826195 -0.7185175348593766 -0.6699847277606183 1.0 -0.11462679509183271 1.0 -0.0037108017743605615
13 1.0 -47.72619016277549 -54.437993380429546 1.0 -41.99925613409073 -41.99001526483056 -40.779923429351385 -34.573875765067484 -38.797802936282835
14 -56.77077200727643 -52.809559742864096 -58.18818097571037 1.0 -50.45142223678589 1.0 -33.56685742674301 -35.6689551331909 -48.047014382717876
15 -47.89154076222445 -44.69771438785275 -44.9883707946139 1.0 -31.420665783586607 -36.04670236886079 -36.384575938337235 -43.43149892278814 1.0
16 -45.83587938332418 -37.8007349361917 -33.7343713782646 1.0 -40.45746176579267 -45.483631086535745 1.0 -51.231393981724466 -53.84081953874198
17 -50.91083196133263 -36.97061084174379 -34.46282630603946 -58.18247234888531 -53.74269047363441 -53.5191555566812 1.0 -56.971268776784655 1.0
18 -27.600170040389607 -27.516526747525145 -34.31182153147106 1.0 -41.13555993431099 -51.75283024338831 -46.625849405799606 -59.107089739128995 1.0
